# Constants
g = 9.810000
m = 0.005000
R = 0.100000
L = 0.200000
Ig = 0.000017
I0 = 0.000067
ue = 0.300000
uc = 0.200000

# Simulation parameters
dt = 0.001000
dtheta0 = 0.000000

# Simulation data
# t 	 slip 	 ii 	 N 	 theta 	 dtheta 	 ddtheta 	 x 	 dx 	 ddx 	 y 	 dy 	 ddy 	 x1 	 y1 	 x2 	 y2
0.000000 0 1 0.048683 1.470796 0.000000 -7.345244 0.009983 -0.000000 0.730855 0.099500 0.000000 -0.073330 0.000000 0.000000 0.019967 0.199001
0.001000 0 1 0.048683 1.470793 -0.007345 -7.345512 0.009984 0.000731 0.730881 0.099500 -0.000073 -0.073341 0.000000 0.000000 0.019967 0.199001
0.002000 0 1 0.048683 1.470782 -0.014691 -7.346319 0.009985 0.001462 0.730959 0.099500 -0.000147 -0.073373 0.000000 0.000000 0.019970 0.199001
0.003000 0 1 0.048683 1.470763 -0.022038 -7.347664 0.009987 0.002193 0.731088 0.099500 -0.000220 -0.073427 0.000000 0.000000 0.019973 0.199000
0.004000 0 1 0.048682 1.470738 -0.029387 -7.349546 0.009989 0.002924 0.731270 0.099500 -0.000294 -0.073502 0.000000 0.000000 0.019978 0.199000
0.005000 0 1 0.048682 1.470704 -0.036737 -7.351966 0.009992 0.003655 0.731503 0.099499 -0.000367 -0.073599 0.000000 0.000000 0.019985 0.198999
0.006000 0 1 0.048681 1.470664 -0.044091 -7.354925 0.009996 0.004387 0.731789 0.099499 -0.000441 -0.073717 0.000000 0.000000 0.019993 0.198998
0.007000 0 1 0.048681 1.470616 -0.051447 -7.358422 0.010001 0.005119 0.732126 0.099499 -0.000515 -0.073857 -0.000000 0.000000 0.020003 0.198997
0.008000 0 1 0.048680 1.470561 -0.058808 -7.362457 0.010007 0.005851 0.732516 0.099498 -0.000588 -0.074018 -0.000000 0.000000 0.020013 0.198996
0.009000 0 1 0.048679 1.470499 -0.066173 -7.367032 0.010013 0.006584 0.732957 0.099497 -0.000663 -0.074201 -0.000000 0.000000 0.020026 0.198995
0.010000 0 1 0.048678 1.470429 -0.073542 -7.372146 0.010020 0.007317 0.733450 0.099497 -0.000737 -0.074406 -0.000000 0.000000 0.020040 0.198993
0.011000 0 1 0.048677 1.470352 -0.080917 -7.377799 0.010028 0.008051 0.733996 0.099496 -0.000811 -0.074633 -0.000000 0.000000 0.020055 0.198992
0.012000 0 1 0.048676 1.470267 -0.088298 -7.383993 0.010036 0.008785 0.734593 0.099495 -0.000886 -0.074882 -0.000000 0.000000 0.020072 0.198990
0.013000 0 1 0.048674 1.470175 -0.095685 -7.390727 0.010045 0.009520 0.735242 0.099494 -0.000961 -0.075152 -0.000000 0.000000 0.020090 0.198988
0.014000 0 1 0.048673 1.470076 -0.103080 -7.398002 0.010055 0.010256 0.735944 0.099493 -0.001036 -0.075444 -0.000000 0.000000 0.020110 0.198986
0.015000 0 1 0.048671 1.469969 -0.110481 -7.405818 0.010066 0.010992 0.736698 0.099492 -0.001112 -0.075759 -0.000000 0.000000 0.020131 0.198984
0.016000 0 1 0.048670 1.469855 -0.117891 -7.414177 0.010077 0.011729 0.737504 0.099491 -0.001188 -0.076096 -0.000000 0.000000 0.020154 0.198982
0.017000 0 1 0.048668 1.469733 -0.125310 -7.423078 0.010089 0.012467 0.738362 0.099490 -0.001264 -0.076455 -0.000000 0.000000 0.020178 0.198979
0.018000 0 1 0.048666 1.469604 -0.132738 -7.432522 0.010102 0.013206 0.739272 0.099488 -0.001341 -0.076836 -0.000000 0.000000 0.020204 0.198977
0.019000 0 1 0.048664 1.469468 -0.140175 -7.442511 0.010116 0.013946 0.740235 0.099487 -0.001418 -0.077240 -0.000000 0.000000 0.020231 0.198974
0.020000 0 1 0.048662 1.469324 -0.147623 -7.453044 0.010130 0.014686 0.741250 0.099486 -0.001495 -0.077666 -0.000000 0.000000 0.020260 0.198971
0.021000 0 1 0.048659 1.469172 -0.155081 -7.464122 0.010145 0.015428 0.742317 0.099484 -0.001573 -0.078116 -0.000000 0.000000 0.020290 0.198968
0.022000 0 1 0.048657 1.469014 -0.162551 -7.475746 0.010161 0.016171 0.743437 0.099482 -0.001652 -0.078588 -0.000000 0.000000 0.020321 0.198965
0.023000 0 1 0.048655 1.468847 -0.170033 -7.487918 0.010177 0.016915 0.744610 0.099481 -0.001730 -0.079083 -0.000000 0.000000 0.020355 0.198962
0.024000 0 1 0.048652 1.468673 -0.177527 -7.500637 0.010195 0.017660 0.745835 0.099479 -0.001810 -0.079601 -0.000000 0.000000 0.020389 0.198958
0.025000 0 1 0.048649 1.468492 -0.185035 -7.513905 0.010213 0.018407 0.747112 0.099477 -0.001890 -0.080142 -0.000000 0.000000 0.020425 0.198954
0.026000 0 1 0.048646 1.468303 -0.192555 -7.527723 0.010231 0.019154 0.748443 0.099475 -0.001970 -0.080707 -0.000000 0.000000 0.020463 0.198950
0.027000 0 1 0.048644 1.468107 -0.200090 -7.542091 0.010251 0.019904 0.749826 0.099473 -0.002051 -0.081296 -0.000000 0.000000 0.020502 0.198946
0.028000 0 1 0.048640 1.467903 -0.207640 -7.557011 0.010271 0.020654 0.751262 0.099471 -0.002133 -0.081908 -0.000000 0.000000 0.020542 0.198942
0.029000 0 1 0.048637 1.467692 -0.215204 -7.572484 0.010292 0.021406 0.752750 0.099469 -0.002215 -0.082544 -0.000000 0.000000 0.020584 0.198938
0.030000 0 1 0.048634 1.467473 -0.222785 -7.588511 0.010314 0.022160 0.754292 0.099467 -0.002298 -0.083205 -0.000000 0.000000 0.020628 0.198933
0.031000 0 1 0.048631 1.467246 -0.230382 -7.605093 0.010337 0.022915 0.755887 0.099464 -0.002381 -0.083889 -0.000000 0.000000 0.020673 0.198929
0.032000 0 1 0.048627 1.467012 -0.237995 -7.622230 0.010360 0.023671 0.757535 0.099462 -0.002466 -0.084599 -0.000000 0.000000 0.020720 0.198924
0.033000 0 1 0.048623 1.466770 -0.245626 -7.639926 0.010384 0.024430 0.759236 0.099459 -0.002551 -0.085333 -0.000000 0.000000 0.020768 0.198919
0.034000 0 1 0.048620 1.466521 -0.253275 -7.658179 0.010409 0.025190 0.760990 0.099457 -0.002636 -0.086091 -0.000000 0.000000 0.020817 0.198914
0.035000 0 1 0.048616 1.466264 -0.260943 -7.676993 0.010434 0.025952 0.762798 0.099454 -0.002723 -0.086876 -0.000000 0.000000 0.020868 0.198908
0.036000 0 1 0.048612 1.465999 -0.268629 -7.696368 0.010461 0.026716 0.764660 0.099451 -0.002810 -0.087685 -0.000000 0.000000 0.020921 0.198903
0.037000 0 1 0.048607 1.465726 -0.276336 -7.716305 0.010488 0.027481 0.766574 0.099449 -0.002898 -0.088520 -0.000000 0.000000 0.020975 0.198897
0.038000 0 1 0.048603 1.465446 -0.284062 -7.736807 0.010516 0.028249 0.768543 0.099446 -0.002987 -0.089381 -0.000000 0.000000 0.021031 0.198891
0.039000 0 1 0.048599 1.465158 -0.291809 -7.757874 0.010544 0.029018 0.770565 0.099443 -0.003077 -0.090268 -0.000000 0.000000 0.021088 0.198885
0.040000 0 1 0.048594 1.464863 -0.299578 -7.779508 0.010574 0.029790 0.772641 0.099439 -0.003168 -0.091182 -0.000000 0.000000 0.021147 0.198879
0.041000 0 1 0.048589 1.464559 -0.307369 -7.801710 0.010604 0.030564 0.774771 0.099436 -0.003259 -0.092122 -0.000000 0.000000 0.021208 0.198872
0.042000 0 1 0.048585 1.464248 -0.315182 -7.824483 0.010635 0.031339 0.776955 0.099433 -0.003352 -0.093089 -0.000000 0.000000 0.021269 0.198866
0.043000 0 1 0.048580 1.463929 -0.323018 -7.847827 0.010666 0.032118 0.779193 0.099430 -0.003445 -0.094083 -0.000000 0.000000 0.021333 0.198859
0.044000 0 1 0.048574 1.463602 -0.330878 -7.871744 0.010699 0.032898 0.781485 0.099426 -0.003540 -0.095104 -0.000000 0.000000 0.021398 0.198852
0.045000 0 1 0.048569 1.463267 -0.338762 -7.896236 0.010732 0.033680 0.783831 0.099422 -0.003636 -0.096154 -0.000000 0.000000 0.021464 0.198845
0.046000 0 1 0.048564 1.462924 -0.346670 -7.921306 0.010766 0.034466 0.786232 0.099419 -0.003732 -0.097231 -0.000000 0.000000 0.021533 0.198837
0.047000 0 1 0.048558 1.462574 -0.354604 -7.946953 0.010801 0.035253 0.788688 0.099415 -0.003830 -0.098337 -0.000000 0.000000 0.021602 0.198830
0.048000 0 1 0.048553 1.462215 -0.362564 -7.973181 0.010837 0.036043 0.791198 0.099411 -0.003929 -0.099472 -0.000000 0.000000 0.021674 0.198822
0.049000 0 1 0.048547 1.461848 -0.370551 -7.999991 0.010873 0.036835 0.793763 0.099407 -0.004029 -0.100635 -0.000000 0.000000 0.021746 0.198814
0.050000 0 1 0.048541 1.461474 -0.378565 -8.027385 0.010910 0.037630 0.796383 0.099403 -0.004130 -0.101828 -0.000000 0.000000 0.021821 0.198806
0.051000 0 1 0.048535 1.461091 -0.386606 -8.055365 0.010949 0.038428 0.799058 0.099399 -0.004233 -0.103051 -0.000000 0.000000 0.021897 0.198798
0.052000 0 1 0.048528 1.460701 -0.394675 -8.083933 0.010987 0.039229 0.801787 0.099395 -0.004336 -0.104303 -0.000000 0.000000 0.021975 0.198789
0.053000 0 1 0.048522 1.460302 -0.402774 -8.113090 0.011027 0.040032 0.804573 0.099390 -0.004441 -0.105587 -0.000000 0.000000 0.022054 0.198780
0.054000 0 1 0.048515 1.459895 -0.410902 -8.142840 0.011067 0.040838 0.807413 0.099386 -0.004548 -0.106900 -0.000000 0.000000 0.022135 0.198771
0.055000 0 1 0.048509 1.459480 -0.419060 -8.173184 0.011109 0.041647 0.810309 0.099381 -0.004655 -0.108245 -0.000000 0.000000 0.022217 0.198762
0.056000 0 1 0.048502 1.459057 -0.427248 -8.204124 0.011151 0.042458 0.813261 0.099376 -0.004764 -0.109622 -0.000000 0.000000 0.022301 0.198753
0.057000 0 1 0.048495 1.458626 -0.435468 -8.235662 0.011194 0.043273 0.816268 0.099372 -0.004874 -0.111030 -0.000000 0.000000 0.022387 0.198743
0.058000 0 1 0.048488 1.458186 -0.443720 -8.267801 0.011237 0.044091 0.819331 0.099367 -0.004986 -0.112471 -0.000000 0.000000 0.022474 0.198733
0.059000 0 1 0.048480 1.457738 -0.452004 -8.300543 0.011282 0.044912 0.822450 0.099362 -0.005099 -0.113945 -0.000000 0.000000 0.022563 0.198723
0.060000 0 1 0.048473 1.457282 -0.460321 -8.333889 0.011327 0.045736 0.825625 0.099356 -0.005214 -0.115452 -0.000000 0.000000 0.022654 0.198713
0.061000 0 1 0.048465 1.456818 -0.468672 -8.367844 0.011373 0.046563 0.828857 0.099351 -0.005330 -0.116992 -0.000000 0.000000 0.022746 0.198702
0.062000 0 1 0.048457 1.456345 -0.477057 -8.402408 0.011420 0.047394 0.832145 0.099346 -0.005448 -0.118567 -0.000000 0.000000 0.022840 0.198692
0.063000 0 1 0.048449 1.455863 -0.485477 -8.437584 0.011468 0.048227 0.835489 0.099340 -0.005567 -0.120176 -0.000000 0.000000 0.022936 0.198680
0.064000 0 1 0.048441 1.455374 -0.493932 -8.473375 0.011517 0.049065 0.838890 0.099335 -0.005688 -0.121819 -0.000000 0.000000 0.023033 0.198669
0.065000 0 1 0.048433 1.454876 -0.502424 -8.509784 0.011566 0.049905 0.842348 0.099329 -0.005811 -0.123499 -0.000000 0.000000 0.023132 0.198658
0.066000 0 1 0.048424 1.454369 -0.510952 -8.546812 0.011616 0.050749 0.845862 0.099323 -0.005935 -0.125214 -0.000000 0.000000 0.023233 0.198646
0.067000 0 1 0.048415 1.453854 -0.519518 -8.584462 0.011668 0.051597 0.849434 0.099317 -0.006062 -0.126966 -0.000000 0.000000 0.023335 0.198634
0.068000 0 1 0.048406 1.453330 -0.528121 -8.622737 0.011720 0.052448 0.853063 0.099311 -0.006189 -0.128755 -0.000000 0.000000 0.023439 0.198622
0.069000 0 1 0.048397 1.452797 -0.536764 -8.661640 0.011773 0.053303 0.856749 0.099305 -0.006319 -0.130581 -0.000000 0.000000 0.023545 0.198609
0.070000 0 1 0.048388 1.452256 -0.545445 -8.701174 0.011826 0.054162 0.860493 0.099298 -0.006451 -0.132445 -0.000000 0.000000 0.023653 0.198596
0.071000 0 1 0.048378 1.451706 -0.554166 -8.741340 0.011881 0.055024 0.864294 0.099292 -0.006584 -0.134347 -0.000000 0.000000 0.023762 0.198583
0.072000 0 1 0.048369 1.451148 -0.562928 -8.782143 0.011936 0.055890 0.868153 0.099285 -0.006719 -0.136289 -0.000000 0.000000 0.023873 0.198570
0.073000 0 1 0.048359 1.450581 -0.571731 -8.823584 0.011993 0.056760 0.872070 0.099278 -0.006857 -0.138270 -0.000000 0.000000 0.023985 0.198557
0.074000 0 1 0.048349 1.450004 -0.580575 -8.865667 0.012050 0.057634 0.876045 0.099271 -0.006996 -0.140291 -0.000000 0.000000 0.024100 0.198543
0.075000 0 1 0.048338 1.449419 -0.589462 -8.908394 0.012108 0.058513 0.880078 0.099264 -0.007137 -0.142353 -0.000000 0.000000 0.024216 0.198529
0.076000 0 1 0.048328 1.448826 -0.598392 -8.951769 0.012167 0.059395 0.884170 0.099257 -0.007281 -0.144456 -0.000000 0.000000 0.024334 0.198514
0.077000 0 1 0.048317 1.448223 -0.607366 -8.995794 0.012227 0.060281 0.888320 0.099250 -0.007426 -0.146601 -0.000000 0.000000 0.024453 0.198499
0.078000 0 1 0.048306 1.447611 -0.616384 -9.040473 0.012287 0.061171 0.892528 0.099242 -0.007574 -0.148789 -0.000000 0.000000 0.024575 0.198484
0.079000 0 1 0.048295 1.446990 -0.625447 -9.085809 0.012349 0.062066 0.896796 0.099235 -0.007724 -0.151020 -0.000000 0.000000 0.024698 0.198469
0.080000 0 1 0.048284 1.446360 -0.634556 -9.131804 0.012412 0.062965 0.901122 0.099227 -0.007876 -0.153295 -0.000000 0.000000 0.024823 0.198454
0.081000 0 1 0.048272 1.445721 -0.643711 -9.178463 0.012475 0.063868 0.905507 0.099219 -0.008030 -0.155614 -0.000000 0.000000 0.024950 0.198438
0.082000 0 1 0.048260 1.445072 -0.652913 -9.225788 0.012539 0.064776 0.909952 0.099211 -0.008187 -0.157978 -0.000000 0.000000 0.025079 0.198421
0.083000 0 1 0.048248 1.444415 -0.662163 -9.273782 0.012605 0.065688 0.914455 0.099202 -0.008346 -0.160388 -0.000000 0.000000 0.025209 0.198405
0.084000 0 1 0.048236 1.443748 -0.671461 -9.322449 0.012671 0.066605 0.919019 0.099194 -0.008508 -0.162844 -0.000000 0.000000 0.025341 0.198388
0.085000 0 1 0.048223 1.443072 -0.680808 -9.371792 0.012738 0.067526 0.923641 0.099185 -0.008672 -0.165348 -0.000000 0.000000 0.025475 0.198371
0.086000 0 1 0.048211 1.442386 -0.690205 -9.421815 0.012806 0.068452 0.928324 0.099177 -0.008839 -0.167899 -0.000000 0.000000 0.025611 0.198353
0.087000 0 1 0.048198 1.441692 -0.699652 -9.472521 0.012875 0.069383 0.933066 0.099168 -0.009008 -0.170499 -0.000000 0.000000 0.025749 0.198336
0.088000 0 1 0.048184 1.440987 -0.709150 -9.523913 0.012944 0.070318 0.937869 0.099159 -0.009180 -0.173148 -0.000000 0.000000 0.025889 0.198317
0.089000 0 1 0.048171 1.440273 -0.718700 -9.575995 0.013015 0.071259 0.942731 0.099149 -0.009354 -0.175848 -0.000000 0.000000 0.026031 0.198299
0.090000 0 1 0.048157 1.439550 -0.728302 -9.628771 0.013087 0.072204 0.947654 0.099140 -0.009531 -0.178598 -0.000000 0.000000 0.026174 0.198280
0.091000 0 1 0.048143 1.438817 -0.737957 -9.682244 0.013160 0.073154 0.952638 0.099130 -0.009711 -0.181400 -0.000000 0.000000 0.026319 0.198261
0.092000 0 1 0.048129 1.438074 -0.747667 -9.736418 0.013233 0.074109 0.957681 0.099121 -0.009894 -0.184254 -0.000000 0.000000 0.026467 0.198241
0.093000 0 1 0.048114 1.437321 -0.757431 -9.791297 0.013308 0.075069 0.962786 0.099111 -0.010080 -0.187162 -0.000000 0.000000 0.026616 0.198221
0.094000 0 1 0.048099 1.436559 -0.767250 -9.846884 0.013383 0.076035 0.967951 0.099100 -0.010268 -0.190123 -0.000000 0.000000 0.026767 0.198201
0.095000 0 1 0.048084 1.435787 -0.777125 -9.903184 0.013460 0.077005 0.973178 0.099090 -0.010460 -0.193139 -0.000000 0.000000 0.026920 0.198180
0.096000 0 1 0.048069 1.435005 -0.787056 -9.960199 0.013537 0.077981 0.978465 0.099079 -0.010655 -0.196211 -0.000000 0.000000 0.027075 0.198159
0.097000 0 1 0.048053 1.434213 -0.797045 -10.017934 0.013616 0.078962 0.983814 0.099069 -0.010853 -0.199340 -0.000000 0.000000 0.027232 0.198137
0.098000 0 1 0.048037 1.433411 -0.807092 -10.076393 0.013695 0.079949 0.989224 0.099058 -0.011053 -0.202526 -0.000000 0.000000 0.027391 0.198115
0.099000 0 1 0.048021 1.432598 -0.817198 -10.135580 0.013776 0.080941 0.994695 0.099047 -0.011258 -0.205771 -0.000000 0.000000 0.027552 0.198093
0.100000 0 1 0.048005 1.431776 -0.827364 -10.195499 0.013857 0.081938 1.000228 0.099035 -0.011465 -0.209075 -0.000000 0.000000 0.027715 0.198070
0.101000 0 1 0.047988 1.430944 -0.837589 -10.256153 0.013940 0.082941 1.005822 0.099024 -0.011676 -0.212439 -0.000000 0.000000 0.027879 0.198047
0.102000 0 1 0.047971 1.430101 -0.847876 -10.317548 0.014023 0.083950 1.011479 0.099012 -0.011890 -0.215864 -0.000000 0.000000 0.028046 0.198024
0.103000 0 1 0.047953 1.429248 -0.858225 -10.379687 0.014108 0.084964 1.017197 0.099000 -0.012108 -0.219351 -0.000000 0.000000 0.028215 0.198000
0.104000 0 1 0.047935 1.428384 -0.868636 -10.442574 0.014193 0.085984 1.022977 0.098988 -0.012329 -0.222901 -0.000000 0.000000 0.028386 0.197975
0.105000 0 1 0.047917 1.427511 -0.879110 -10.506214 0.014280 0.087010 1.028819 0.098975 -0.012553 -0.226516 -0.000000 0.000000 0.028559 0.197950
0.106000 0 1 0.047899 1.426626 -0.889649 -10.570611 0.014367 0.088042 1.034723 0.098963 -0.012782 -0.230196 -0.000000 0.000000 0.028734 0.197925
0.107000 0 1 0.047880 1.425731 -0.900252 -10.635769 0.014456 0.089080 1.040690 0.098950 -0.013014 -0.233941 -0.000000 0.000000 0.028911 0.197899
0.108000 0 1 0.047861 1.424826 -0.910920 -10.701693 0.014545 0.090123 1.046719 0.098937 -0.013250 -0.237754 -0.000000 0.000000 0.029091 0.197873
0.109000 0 1 0.047842 1.423909 -0.921655 -10.768387 0.014636 0.091173 1.052810 0.098923 -0.013489 -0.241636 -0.000000 0.000000 0.029272 0.197846
0.110000 0 1 0.047822 1.422982 -0.932457 -10.835856 0.014728 0.092229 1.058964 0.098910 -0.013733 -0.245586 -0.000000 0.000000 0.029455 0.197819
0.111000 0 1 0.047802 1.422044 -0.943327 -10.904103 0.014820 0.093291 1.065181 0.098896 -0.013980 -0.249607 -0.000000 0.000000 0.029641 0.197791
0.112000 0 1 0.047782 1.421096 -0.954266 -10.973135 0.014914 0.094359 1.071460 0.098882 -0.014232 -0.253700 -0.000000 0.000000 0.029828 0.197763
0.113000 0 1 0.047761 1.420136 -0.965274 -11.042955 0.015009 0.095434 1.077801 0.098867 -0.014488 -0.257865 -0.000000 0.000000 0.030018 0.197734
0.114000 0 1 0.047739 1.419165 -0.976352 -11.113568 0.015105 0.096515 1.084206 0.098853 -0.014748 -0.262104 -0.000000 0.000000 0.030210 0.197705
0.115000 0 1 0.047718 1.418183 -0.987501 -11.184978 0.015202 0.097602 1.090673 0.098838 -0.015012 -0.266418 -0.000000 0.000000 0.030404 0.197675
0.116000 0 1 0.047696 1.417190 -0.998722 -11.257191 0.015300 0.098696 1.097203 0.098823 -0.015281 -0.270809 -0.000000 0.000000 0.030601 0.197645
0.117000 0 1 0.047674 1.416186 -1.010016 -11.330211 0.015400 0.099797 1.103796 0.098807 -0.015554 -0.275276 -0.000000 0.000000 0.030799 0.197614
0.118000 0 1 0.047651 1.415170 -1.021383 -11.404044 0.015500 0.100904 1.110452 0.098791 -0.015831 -0.279823 -0.000000 0.000000 0.031000 0.197583
0.119000 0 1 0.047628 1.414143 -1.032824 -11.478693 0.015601 0.102018 1.117171 0.098775 -0.016113 -0.284449 -0.000000 0.000000 0.031203 0.197551
0.120000 0 1 0.047604 1.413104 -1.044341 -11.554164 0.015704 0.103138 1.123953 0.098759 -0.016400 -0.289157 -0.000000 0.000000 0.031408 0.197518
0.121000 0 1 0.047580 1.412054 -1.055933 -11.630463 0.015808 0.104266 1.130798 0.098743 -0.016692 -0.293948 -0.000000 0.000000 0.031615 0.197485
0.122000 0 1 0.047556 1.410992 -1.067602 -11.707593 0.015912 0.105400 1.137705 0.098726 -0.016988 -0.298822 -0.000000 0.000000 0.031825 0.197452
0.123000 0 1 0.047531 1.409919 -1.079348 -11.785560 0.016018 0.106541 1.144676 0.098709 -0.017289 -0.303781 -0.000000 0.000000 0.032037 0.197417
0.124000 0 1 0.047506 1.408834 -1.091173 -11.864370 0.016126 0.107689 1.151710 0.098691 -0.017596 -0.308827 -0.000000 0.000000 0.032251 0.197383
0.125000 0 1 0.047480 1.407737 -1.103077 -11.944027 0.016234 0.108845 1.158806 0.098674 -0.017907 -0.313961 -0.000000 0.000000 0.032468 0.197347
0.126000 0 1 0.047454 1.406628 -1.115062 -12.024536 0.016343 0.110007 1.165966 0.098655 -0.018224 -0.319184 -0.000000 0.000000 0.032686 0.197311
0.127000 0 1 0.047428 1.405506 -1.127127 -12.105904 0.016454 0.111176 1.173188 0.098637 -0.018546 -0.324498 -0.000000 0.000000 0.032908 0.197274
0.128000 0 1 0.047400 1.404373 -1.139274 -12.188134 0.016566 0.112353 1.180473 0.098618 -0.018873 -0.329905 -0.000000 0.000000 0.033131 0.197237
0.129000 0 1 0.047373 1.403228 -1.151503 -12.271233 0.016679 0.113537 1.187820 0.098599 -0.019205 -0.335405 -0.000000 0.000000 0.033357 0.197199
0.130000 0 1 0.047345 1.402070 -1.163816 -12.355206 0.016793 0.114729 1.195230 0.098580 -0.019544 -0.341000 -0.000000 0.000000 0.033585 0.197160
0.131000 0 1 0.047317 1.400900 -1.176214 -12.440059 0.016908 0.115928 1.202703 0.098560 -0.019887 -0.346693 -0.000000 0.000000 0.033816 0.197120
0.132000 0 1 0.047288 1.399718 -1.188697 -12.525796 0.017025 0.117134 1.210238 0.098540 -0.020237 -0.352483 -0.000000 0.000000 0.034049 0.197080
0.133000 0 1 0.047258 1.398523 -1.201266 -12.612424 0.017142 0.118348 1.217836 0.098520 -0.020592 -0.358373 -0.000000 0.000000 0.034285 0.197040
0.134000 0 1 0.047228 1.397315 -1.213922 -12.699948 0.017261 0.119570 1.225496 0.098499 -0.020954 -0.364365 -0.000000 0.000000 0.034522 0.196998
0.135000 0 1 0.047198 1.396095 -1.226666 -12.788373 0.017381 0.120799 1.233217 0.098478 -0.021321 -0.370461 -0.000000 0.000000 0.034763 0.196956
0.136000 0 1 0.047167 1.394862 -1.239499 -12.877706 0.017503 0.122037 1.241001 0.098456 -0.021695 -0.376660 -0.000000 0.000000 0.035006 0.196913
0.137000 0 1 0.047135 1.393616 -1.252422 -12.967952 0.017625 0.123281 1.248847 0.098434 -0.022075 -0.382967 -0.000000 0.000000 0.035251 0.196869
0.138000 0 1 0.047103 1.392357 -1.265435 -13.059117 0.017749 0.124534 1.256754 0.098412 -0.022461 -0.389381 -0.000000 0.000000 0.035499 0.196824
0.139000 0 1 0.047070 1.391085 -1.278540 -13.151206 0.017875 0.125795 1.264722 0.098390 -0.022853 -0.395906 -0.000000 0.000000 0.035749 0.196779
0.140000 0 1 0.047037 1.389800 -1.291738 -13.244226 0.018001 0.127064 1.272752 0.098366 -0.023253 -0.402542 -0.000000 0.000000 0.036002 0.196733
0.141000 0 1 0.047004 1.388501 -1.305029 -13.338182 0.018129 0.128341 1.280842 0.098343 -0.023658 -0.409292 -0.000000 0.000000 0.036257 0.196686
0.142000 0 1 0.046969 1.387190 -1.318415 -13.433081 0.018258 0.129625 1.288993 0.098319 -0.024071 -0.416157 -0.000000 0.000000 0.036515 0.196638
0.143000 0 1 0.046934 1.385865 -1.331896 -13.528928 0.018388 0.130919 1.297205 0.098295 -0.024491 -0.423139 -0.000000 0.000000 0.036776 0.196590
0.144000 0 1 0.046899 1.384526 -1.345473 -13.625730 0.018520 0.132220 1.305477 0.098270 -0.024917 -0.430240 -0.000000 0.000000 0.037039 0.196540
0.145000 0 1 0.046863 1.383174 -1.359147 -13.723492 0.018652 0.133529 1.313809 0.098245 -0.025351 -0.437462 -0.000000 0.000000 0.037305 0.196490
0.146000 0 1 0.046826 1.381808 -1.372920 -13.822220 0.018787 0.134847 1.322200 0.098219 -0.025792 -0.444807 -0.000000 0.000000 0.037573 0.196439
0.147000 0 1 0.046789 1.380428 -1.386792 -13.921922 0.018922 0.136174 1.330651 0.098193 -0.026241 -0.452277 -0.000000 0.000000 0.037844 0.196387
0.148000 0 1 0.046751 1.379034 -1.400764 -14.022602 0.019059 0.137509 1.339160 0.098167 -0.026697 -0.459873 -0.000000 0.000000 0.038118 0.196334
0.149000 0 1 0.046712 1.377626 -1.414838 -14.124268 0.019197 0.138852 1.347728 0.098140 -0.027161 -0.467598 -0.000000 0.000000 0.038394 0.196280
0.150000 0 1 0.046673 1.376204 -1.429013 -14.226925 0.019337 0.140204 1.356355 0.098113 -0.027632 -0.475455 -0.000000 0.000000 0.038673 0.196225
0.151000 0 1 0.046633 1.374768 -1.443292 -14.330581 0.019478 0.141565 1.365039 0.098085 -0.028112 -0.483444 -0.000000 0.000000 0.038955 0.196170
0.152000 0 1 0.046592 1.373318 -1.457675 -14.435240 0.019620 0.142934 1.373780 0.098056 -0.028599 -0.491568 -0.000000 0.000000 0.039240 0.196113
0.153000 0 1 0.046551 1.371853 -1.472163 -14.540911 0.019763 0.144313 1.382578 0.098028 -0.029095 -0.499829 -0.000000 0.000000 0.039527 0.196055
0.154000 0 1 0.046509 1.370373 -1.486757 -14.647599 0.019908 0.145700 1.391433 0.097998 -0.029599 -0.508230 -0.000000 0.000000 0.039817 0.195996
0.155000 0 1 0.046466 1.368879 -1.501458 -14.755310 0.020055 0.147095 1.400343 0.097968 -0.030111 -0.516772 -0.000000 0.000000 0.040110 0.195937
0.156000 0 1 0.046423 1.367370 -1.516268 -14.864052 0.020203 0.148500 1.409309 0.097938 -0.030633 -0.525458 -0.000000 0.000000 0.040405 0.195876
0.157000 0 1 0.046379 1.365847 -1.531187 -14.973830 0.020352 0.149914 1.418329 0.097907 -0.031162 -0.534291 -0.000000 0.000000 0.040704 0.195814
0.158000 0 1 0.046334 1.364308 -1.546216 -15.084652 0.020502 0.151337 1.427404 0.097876 -0.031701 -0.543271 -0.000000 0.000000 0.041005 0.195751
0.159000 0 1 0.046288 1.362754 -1.561356 -15.196525 0.020654 0.152769 1.436532 0.097844 -0.032249 -0.552403 -0.000000 0.000000 0.041309 0.195687
0.160000 0 1 0.046242 1.361185 -1.576609 -15.309454 0.020808 0.154210 1.445714 0.097811 -0.032806 -0.561687 -0.000000 0.000000 0.041616 0.195622
0.161000 0 1 0.046194 1.359601 -1.591976 -15.423447 0.020963 0.155660 1.454947 0.097778 -0.033372 -0.571128 -0.000000 0.000000 0.041926 0.195556
0.162000 0 1 0.046146 1.358001 -1.607456 -15.538511 0.021119 0.157120 1.464233 0.097744 -0.033948 -0.580726 -0.000000 0.000000 0.042239 0.195489
0.163000 0 1 0.046098 1.356386 -1.623053 -15.654651 0.021277 0.158589 1.473569 0.097710 -0.034534 -0.590484 -0.000000 0.000000 0.042554 0.195420
0.164000 0 1 0.046048 1.354755 -1.638766 -15.771876 0.021436 0.160067 1.482955 0.097675 -0.035129 -0.600406 -0.000000 0.000000 0.042873 0.195351
0.165000 0 1 0.045998 1.353108 -1.654597 -15.890192 0.021597 0.161555 1.492391 0.097640 -0.035735 -0.610493 -0.000000 0.000000 0.043195 0.195280
0.166000 0 1 0.045946 1.351446 -1.670547 -16.009606 0.021760 0.163052 1.501875 0.097604 -0.036350 -0.620748 -0.000000 0.000000 0.043519 0.195208
0.167000 0 1 0.045894 1.349767 -1.686617 -16.130126 0.021923 0.164559 1.511407 0.097567 -0.036976 -0.631174 -0.000000 0.000000 0.043847 0.195134
0.168000 0 1 0.045841 1.348073 -1.702807 -16.251757 0.022089 0.166075 1.520986 0.097530 -0.037613 -0.641773 -0.000000 0.000000 0.044177 0.195060
0.169000 0 1 0.045787 1.346362 -1.719120 -16.374507 0.022256 0.167601 1.530610 0.097492 -0.038260 -0.652549 -0.000000 0.000000 0.044511 0.194984
0.170000 0 1 0.045732 1.344634 -1.735557 -16.498383 0.022424 0.169136 1.540280 0.097453 -0.038918 -0.663503 -0.000000 0.000000 0.044848 0.194907
0.171000 0 1 0.045677 1.342890 -1.752118 -16.623393 0.022594 0.170681 1.549993 0.097414 -0.039587 -0.674639 -0.000000 0.000000 0.045188 0.194828
0.172000 0 1 0.045620 1.341130 -1.768804 -16.749543 0.022765 0.172236 1.559749 0.097374 -0.040267 -0.685959 -0.000000 0.000000 0.045531 0.194748
0.173000 0 1 0.045563 1.339353 -1.785617 -16.876840 0.022938 0.173801 1.569547 0.097334 -0.040959 -0.697467 -0.000000 0.000000 0.045877 0.194667
0.174000 0 1 0.045504 1.337559 -1.802558 -17.005293 0.023113 0.175375 1.579386 0.097292 -0.041662 -0.709165 -0.000000 0.000000 0.046226 0.194585
0.175000 0 1 0.045445 1.335748 -1.819628 -17.134907 0.023289 0.176959 1.589264 0.097250 -0.042377 -0.721056 -0.000000 0.000000 0.046578 0.194501
0.176000 0 1 0.045384 1.333919 -1.836828 -17.265691 0.023467 0.178554 1.599180 0.097208 -0.043104 -0.733143 -0.000000 0.000000 0.046934 0.194415
0.177000 0 1 0.045323 1.332074 -1.854160 -17.397651 0.023646 0.180158 1.609134 0.097164 -0.043844 -0.745429 -0.000000 0.000000 0.047292 0.194328
0.178000 0 1 0.045260 1.330211 -1.871624 -17.530796 0.023827 0.181772 1.619123 0.097120 -0.044595 -0.757917 -0.000000 0.000000 0.047654 0.194240
0.179000 0 1 0.045197 1.328331 -1.889222 -17.665131 0.024010 0.183396 1.629146 0.097075 -0.045360 -0.770610 -0.000000 0.000000 0.048019 0.194150
0.180000 0 1 0.045132 1.326433 -1.906955 -17.800665 0.024194 0.185030 1.639203 0.097029 -0.046137 -0.783512 -0.000000 0.000000 0.048388 0.194058
0.181000 0 1 0.045067 1.324517 -1.924824 -17.937405 0.024380 0.186674 1.649291 0.096983 -0.046927 -0.796625 -0.000000 0.000000 0.048760 0.193965
0.182000 0 1 0.045000 1.322583 -1.942830 -18.075359 0.024567 0.188329 1.659409 0.096935 -0.047730 -0.809953 -0.000000 0.000000 0.049135 0.193871
0.183000 0 1 0.044933 1.320631 -1.960975 -18.214534 0.024756 0.189993 1.669555 0.096887 -0.048547 -0.823499 -0.000000 0.000000 0.049513 0.193774
0.184000 0 1 0.044864 1.318661 -1.979259 -18.354937 0.024947 0.191668 1.679729 0.096838 -0.049377 -0.837266 -0.000000 0.000000 0.049894 0.193676
0.185000 0 1 0.044794 1.316672 -1.997685 -18.496575 0.025140 0.193353 1.689927 0.096788 -0.050221 -0.851257 -0.000000 0.000000 0.050280 0.193577
0.186000 0 1 0.044723 1.314665 -2.016253 -18.639458 0.025334 0.195048 1.700150 0.096738 -0.051080 -0.865477 -0.000000 0.000000 0.050668 0.193475
0.187000 0 1 0.044650 1.312640 -2.034964 -18.783591 0.025530 0.196753 1.710393 0.096686 -0.051952 -0.879928 -0.000000 0.000000 0.051060 0.193372
0.188000 0 1 0.044577 1.310595 -2.053820 -18.928982 0.025727 0.198469 1.720657 0.096634 -0.052840 -0.894613 -0.000000 0.000000 0.051455 0.193268
0.189000 0 1 0.044502 1.308532 -2.072823 -19.075640 0.025927 0.200194 1.730939 0.096581 -0.053742 -0.909538 -0.000000 0.000000 0.051854 0.193161
0.190000 0 1 0.044426 1.306450 -2.091972 -19.223571 0.026128 0.201930 1.741236 0.096526 -0.054659 -0.924704 -0.000000 0.000000 0.052256 0.193053
0.191000 0 1 0.044349 1.304348 -2.111270 -19.372783 0.026331 0.203677 1.751548 0.096471 -0.055591 -0.940115 -0.000000 0.000000 0.052661 0.192942
0.192000 0 1 0.044271 1.302227 -2.130718 -19.523284 0.026535 0.205434 1.761872 0.096415 -0.056539 -0.955775 -0.000000 0.000000 0.053070 0.192830
0.193000 0 1 0.044192 1.300087 -2.150317 -19.675081 0.026742 0.207201 1.772205 0.096358 -0.057503 -0.971689 -0.000000 0.000000 0.053483 0.192716
0.194000 0 1 0.044111 1.297927 -2.170069 -19.828182 0.026950 0.208978 1.782546 0.096300 -0.058483 -0.987858 -0.000000 0.000000 0.053899 0.192600
0.195000 0 1 0.044029 1.295746 -2.189974 -19.982594 0.027159 0.210766 1.792892 0.096241 -0.059479 -1.004288 -0.000000 0.000000 0.054319 0.192482
0.196000 0 1 0.043945 1.293547 -2.210034 -20.138326 0.027371 0.212564 1.803240 0.096181 -0.060491 -1.020982 -0.000000 0.000000 0.054742 0.192362
0.197000 0 1 0.043860 1.291326 -2.230251 -20.295384 0.027585 0.214372 1.813590 0.096120 -0.061521 -1.037944 -0.000000 0.000000 0.055169 0.192240
0.198000 0 1 0.043774 1.289086 -2.250626 -20.453777 0.027800 0.216191 1.823936 0.096058 -0.062567 -1.055178 -0.000000 0.000000 0.055600 0.192116
0.199000 0 1 0.043687 1.286825 -2.271159 -20.613512 0.028017 0.218020 1.834279 0.095995 -0.063631 -1.072687 -0.000000 0.000000 0.056034 0.191990
0.200000 0 1 0.043598 1.284544 -2.291853 -20.774596 0.028236 0.219859 1.844613 0.095931 -0.064713 -1.090476 -0.000000 0.000000 0.056472 0.191862
0.201000 0 1 0.043507 1.282241 -2.312709 -20.937038 0.028457 0.221709 1.854938 0.095866 -0.065812 -1.108548 -0.000000 0.000000 0.056913 0.191731
0.202000 0 1 0.043415 1.279918 -2.333728 -21.100844 0.028679 0.223569 1.865249 0.095799 -0.066930 -1.126909 -0.000000 0.000000 0.057359 0.191598
0.203000 0 1 0.043322 1.277574 -2.354911 -21.266022 0.028904 0.225440 1.875544 0.095732 -0.068066 -1.145561 -0.000000 0.000000 0.057808 0.191463
0.204000 0 1 0.043227 1.275208 -2.376260 -21.432581 0.029130 0.227320 1.885820 0.095663 -0.069221 -1.164509 -0.000000 0.000000 0.058260 0.191326
0.205000 0 1 0.043131 1.272821 -2.397777 -21.600527 0.029359 0.229211 1.896074 0.095593 -0.070395 -1.183757 -0.000000 0.000000 0.058717 0.191187
0.206000 0 1 0.043033 1.270413 -2.419462 -21.769868 0.029589 0.231113 1.906302 0.095522 -0.071589 -1.203310 -0.000000 0.000000 0.059177 0.191045
0.207000 0 1 0.042934 1.267982 -2.441317 -21.940612 0.029821 0.233024 1.916501 0.095450 -0.072802 -1.223171 -0.000000 0.000000 0.059641 0.190900
0.208000 0 1 0.042833 1.265530 -2.463343 -22.112765 0.030055 0.234946 1.926669 0.095377 -0.074035 -1.243345 -0.000000 0.000000 0.060109 0.190753
0.209000 0 1 0.042731 1.263055 -2.485543 -22.286336 0.030291 0.236877 1.936800 0.095302 -0.075289 -1.263836 -0.000000 0.000000 0.060581 0.190604
0.210000 0 1 0.042627 1.260559 -2.507917 -22.461333 0.030528 0.238819 1.946892 0.095226 -0.076563 -1.284649 -0.000000 0.000000 0.061057 0.190452
0.211000 0 1 0.042521 1.258040 -2.530466 -22.637761 0.030768 0.240771 1.956941 0.095149 -0.077858 -1.305788 -0.000000 0.000000 0.061537 0.190298
0.212000 0 1 0.042414 1.255498 -2.553193 -22.815630 0.031010 0.242733 1.966943 0.095070 -0.079175 -1.327257 -0.000000 0.000000 0.062020 0.190141
0.213000 0 1 0.042305 1.252933 -2.576098 -22.994945 0.031254 0.244705 1.976894 0.094991 -0.080513 -1.349062 -0.000000 0.000000 0.062507 0.189981
0.214000 0 1 0.042194 1.250346 -2.599183 -23.175715 0.031499 0.246687 1.986790 0.094909 -0.081873 -1.371206 -0.000000 0.000000 0.062999 0.189819
0.215000 0 1 0.042082 1.247735 -2.622450 -23.357947 0.031747 0.248678 1.996626 0.094827 -0.083255 -1.393694 -0.000000 0.000000 0.063494 0.189654
0.216000 0 1 0.041967 1.245101 -2.645899 -23.541648 0.031997 0.250680 2.006400 0.094743 -0.084660 -1.416532 -0.000000 0.000000 0.063994 0.189486
0.217000 0 1 0.041851 1.242443 -2.669533 -23.726825 0.032248 0.252691 2.016105 0.094657 -0.086088 -1.439722 -0.000000 0.000000 0.064497 0.189315
0.218000 0 1 0.041734 1.239761 -2.693353 -23.913486 0.032502 0.254712 2.025738 0.094571 -0.087540 -1.463271 -0.000000 0.000000 0.065004 0.189141
0.219000 0 1 0.041614 1.237056 -2.717361 -24.101637 0.032758 0.256743 2.035294 0.094482 -0.089015 -1.487182 -0.000000 0.000000 0.065516 0.188965
0.220000 0 1 0.041493 1.234327 -2.741557 -24.291285 0.033016 0.258783 2.044767 0.094393 -0.090514 -1.511461 -0.000000 0.000000 0.066031 0.188785
0.221000 0 1 0.041369 1.231573 -2.765944 -24.482438 0.033275 0.260832 2.054154 0.094301 -0.092038 -1.536112 -0.000000 0.000000 0.066551 0.188603
0.222000 0 1 0.041244 1.228795 -2.790523 -24.675102 0.033537 0.262891 2.063449 0.094209 -0.093587 -1.561141 -0.000000 0.000000 0.067075 0.188417
0.223000 0 1 0.041117 1.225992 -2.815295 -24.869284 0.033801 0.264959 2.072647 0.094114 -0.095161 -1.586551 -0.000000 0.000000 0.067603 0.188228
0.224000 0 1 0.040988 1.223164 -2.840262 -25.064991 0.034067 0.267036 2.081742 0.094018 -0.096760 -1.612349 -0.000000 0.000000 0.068135 0.188036
0.225000 0 1 0.040857 1.220311 -2.865425 -25.262230 0.034335 0.269123 2.090729 0.093921 -0.098385 -1.638538 -0.000000 0.000000 0.068671 0.187841
0.226000 0 1 0.040724 1.217433 -2.890787 -25.461007 0.034606 0.271218 2.099602 0.093821 -0.100037 -1.665124 -0.000000 0.000000 0.069211 0.187643
0.227000 0 1 0.040589 1.214530 -2.916348 -25.661329 0.034878 0.273322 2.108355 0.093721 -0.101716 -1.692111 -0.000000 0.000000 0.069756 0.187441
0.228000 0 1 0.040452 1.211600 -2.942110 -25.863202 0.035152 0.275434 2.116983 0.093618 -0.103422 -1.719506 -0.000000 0.000000 0.070304 0.187236
0.229000 0 1 0.040313 1.208645 -2.968075 -26.066633 0.035429 0.277556 2.125480 0.093514 -0.105155 -1.747311 -0.000000 0.000000 0.070857 0.187027
0.230000 0 1 0.040172 1.205664 -2.994244 -26.271627 0.035707 0.279685 2.133838 0.093408 -0.106916 -1.775534 -0.000000 0.000000 0.071415 0.186815
0.231000 0 1 0.040029 1.202657 -3.020618 -26.478192 0.035988 0.281823 2.142052 0.093300 -0.108706 -1.804178 -0.000000 0.000000 0.071976 0.186600
0.232000 0 1 0.039884 1.199623 -3.047200 -26.686332 0.036271 0.283969 2.150114 0.093190 -0.110525 -1.833249 -0.000000 0.000000 0.072542 0.186380
0.233000 0 1 0.039736 1.196562 -3.073992 -26.896055 0.036556 0.286123 2.158019 0.093079 -0.112373 -1.862752 -0.000000 0.000000 0.073112 0.186158
0.234000 0 1 0.039587 1.193475 -3.100993 -27.107365 0.036843 0.288285 2.165759 0.092965 -0.114250 -1.892692 -0.000000 0.000000 0.073686 0.185931
0.235000 0 1 0.039435 1.190360 -3.128207 -27.320268 0.037133 0.290455 2.173327 0.092850 -0.116158 -1.923074 -0.000000 0.000000 0.074265 0.185701
0.236000 0 1 0.039280 1.187218 -3.155634 -27.534771 0.037424 0.292632 2.180716 0.092733 -0.118097 -1.953903 -0.000000 0.000000 0.074848 0.185466
0.237000 0 1 0.039124 1.184049 -3.183277 -27.750878 0.037718 0.294816 2.187918 0.092614 -0.120066 -1.985184 -0.000000 0.000000 0.075436 0.185228
0.238000 0 1 0.038965 1.180852 -3.211136 -27.968595 0.038014 0.297008 2.194925 0.092493 -0.122067 -2.016923 -0.000000 0.000000 0.076027 0.184986
0.239000 0 1 0.038804 1.177627 -3.239215 -28.187927 0.038312 0.299206 2.201730 0.092370 -0.124100 -2.049123 -0.000000 0.000000 0.076624 0.184740
0.240000 0 1 0.038641 1.174373 -3.267513 -28.408878 0.038612 0.301411 2.208323 0.092245 -0.126166 -2.081792 -0.000000 0.000000 0.077224 0.184490
0.241000 0 1 0.038475 1.171091 -3.296033 -28.631455 0.038915 0.303623 2.214698 0.092118 -0.128264 -2.114933 -0.000000 0.000000 0.077829 0.184235
0.242000 0 1 0.038307 1.167781 -3.324776 -28.855660 0.039219 0.305840 2.220846 0.091988 -0.130396 -2.148552 -0.000000 0.000000 0.078439 0.183977
0.243000 0 1 0.038137 1.164442 -3.353745 -29.081500 0.039526 0.308064 2.226757 0.091857 -0.132561 -2.182654 -0.000000 0.000000 0.079053 0.183714
0.244000 0 1 0.037964 1.161073 -3.382940 -29.308978 0.039836 0.310294 2.232422 0.091723 -0.134761 -2.217244 -0.000000 0.000000 0.079671 0.183446
0.245000 0 1 0.037788 1.157676 -3.412363 -29.538099 0.040147 0.312529 2.237834 0.091587 -0.136996 -2.252326 -0.000000 0.000000 0.080294 0.183175
0.246000 0 1 0.037610 1.154249 -3.442017 -29.768866 0.040461 0.314769 2.242981 0.091449 -0.139266 -2.287907 -0.000000 0.000000 0.080921 0.182898
0.247000 1 1 0.037430 1.150792 -3.471902 -30.001283 0.040776 0.317015 2.247855 0.091309 -0.141572 -2.323991 -0.000000 0.000000 0.081553 0.182617
0.248000 1 1 0.037195 1.147297 -3.518189 -30.235896 0.041093 0.317022 0.007486 0.091166 -0.144581 -2.370971 -0.000002 0.000000 0.082189 0.182331
0.249000 1 1 0.036956 1.143755 -3.564802 -30.473251 0.041411 0.317030 0.007439 0.091020 -0.147647 -2.418798 -0.000007 0.000000 0.082828 0.182039
0.250000 1 1 0.036713 1.140167 -3.611732 -30.713350 0.041728 0.317037 0.007391 0.090870 -0.150769 -2.467474 -0.000017 0.000000 0.083472 0.181741
0.251000 1 1 0.036465 1.136532 -3.658972 -30.956196 0.042045 0.317044 0.007343 0.090718 -0.153949 -2.517001 -0.000030 0.000000 0.084119 0.181436
0.252000 1 1 0.036213 1.132849 -3.706516 -31.201792 0.042362 0.317052 0.007293 0.090562 -0.157186 -2.567380 -0.000047 0.000000 0.084770 0.181125
0.253000 1 1 0.035957 1.129119 -3.754354 -31.450136 0.042679 0.317059 0.007243 0.090404 -0.160482 -2.618612 -0.000067 0.000000 0.085424 0.180807
0.254000 1 1 0.035697 1.125340 -3.802480 -31.701229 0.042996 0.317066 0.007191 0.090241 -0.163837 -2.670697 -0.000091 0.000000 0.086083 0.180483
0.255000 1 1 0.035432 1.121514 -3.850884 -31.955068 0.043313 0.317073 0.007139 0.090076 -0.167251 -2.723634 -0.000119 0.000000 0.086745 0.180152
0.256000 1 1 0.035163 1.117638 -3.899559 -32.211649 0.043630 0.317080 0.007086 0.089907 -0.170725 -2.777423 -0.000151 0.000000 0.087411 0.179814
0.257000 1 1 0.034890 1.113714 -3.948495 -32.470970 0.043947 0.317087 0.007033 0.089734 -0.174260 -2.832061 -0.000186 0.000000 0.088080 0.179469
0.258000 1 1 0.034612 1.109741 -3.997685 -32.733023 0.044264 0.317094 0.006978 0.089558 -0.177854 -2.887546 -0.000225 0.000000 0.088753 0.179117
0.259000 1 1 0.034331 1.105719 -4.047119 -32.997803 0.044581 0.317101 0.006922 0.089379 -0.181510 -2.943874 -0.000268 0.000000 0.089430 0.178757
0.260000 1 1 0.034045 1.101647 -4.096788 -33.265300 0.044898 0.317108 0.006866 0.089195 -0.185227 -3.001041 -0.000315 0.000000 0.090111 0.178391
0.261000 1 1 0.033755 1.097525 -4.146682 -33.535506 0.045215 0.317115 0.006809 0.089008 -0.189006 -3.059043 -0.000365 0.000000 0.090795 0.178016
0.262000 1 1 0.033461 1.093353 -4.196792 -33.808411 0.045533 0.317121 0.006751 0.088817 -0.192847 -3.117873 -0.000418 0.000000 0.091483 0.177635
0.263000 1 1 0.033162 1.089132 -4.247109 -34.084000 0.045850 0.317128 0.006692 0.088622 -0.196750 -3.177526 -0.000476 0.000000 0.092175 0.177245
0.264000 1 1 0.032860 1.084859 -4.297622 -34.362263 0.046167 0.317135 0.006632 0.088424 -0.200715 -3.237993 -0.000537 0.000000 0.092870 0.176848
0.265000 1 1 0.032554 1.080536 -4.348322 -34.643183 0.046484 0.317141 0.006572 0.088221 -0.204743 -3.299268 -0.000602 0.000000 0.093569 0.176442
0.266000 1 1 0.032243 1.076162 -4.399199 -34.926744 0.046801 0.317148 0.006511 0.088014 -0.208834 -3.361341 -0.000670 0.000000 0.094272 0.176029
0.267000 1 1 0.031929 1.071738 -4.450243 -35.212930 0.047118 0.317154 0.006449 0.087803 -0.212988 -3.424204 -0.000742 0.000000 0.094978 0.175607
0.268000 1 1 0.031611 1.067262 -4.501443 -35.501721 0.047435 0.317161 0.006386 0.087588 -0.217206 -3.487844 -0.000817 0.000000 0.095688 0.175177
0.269000 1 1 0.031289 1.062735 -4.552790 -35.793097 0.047753 0.317167 0.006322 0.087369 -0.221486 -3.552253 -0.000896 0.000000 0.096401 0.174738
0.270000 1 1 0.030963 1.058156 -4.604273 -36.087036 0.048070 0.317173 0.006258 0.087145 -0.225830 -3.617417 -0.000978 0.000000 0.097118 0.174291
0.271000 1 1 0.030633 1.053526 -4.655882 -36.383514 0.048387 0.317179 0.006193 0.086917 -0.230238 -3.683324 -0.001064 0.000000 0.097838 0.173834
0.272000 1 1 0.030300 1.048845 -4.707607 -36.682509 0.048704 0.317185 0.006127 0.086685 -0.234709 -3.749961 -0.001153 0.000000 0.098561 0.173370
0.273000 1 1 0.029963 1.044111 -4.759437 -36.983992 0.049021 0.317191 0.006060 0.086448 -0.239243 -3.817313 -0.001246 0.000000 0.099288 0.172896
0.274000 1 1 0.029623 1.039326 -4.811362 -37.287937 0.049338 0.317197 0.005993 0.086206 -0.243841 -3.885366 -0.001342 0.000000 0.100019 0.172413
0.275000 1 1 0.029279 1.034488 -4.863373 -37.594316 0.049656 0.317203 0.005925 0.085960 -0.248502 -3.954104 -0.001441 0.000000 0.100752 0.171920
0.276000 1 1 0.028932 1.029599 -4.915458 -37.903096 0.049973 0.317209 0.005856 0.085709 -0.253226 -4.023510 -0.001543 0.000000 0.101489 0.171418
0.277000 1 1 0.028582 1.024657 -4.967609 -38.214248 0.050290 0.317215 0.005786 0.085454 -0.258014 -4.093567 -0.001649 0.000000 0.102229 0.170907
0.278000 1 1 0.028229 1.019664 -5.019814 -38.527737 0.050607 0.317221 0.005716 0.085193 -0.262864 -4.164258 -0.001758 0.000000 0.102973 0.170386
0.279000 1 1 0.027872 1.014618 -5.072065 -38.843529 0.050924 0.317226 0.005646 0.084928 -0.267777 -4.235564 -0.001870 0.000000 0.103719 0.169856
0.280000 1 1 0.027513 1.009519 -5.124350 -39.161588 0.051242 0.317232 0.005574 0.084658 -0.272753 -4.307466 -0.001985 0.000000 0.104468 0.169315
0.281000 1 1 0.027150 1.004369 -5.176662 -39.481875 0.051559 0.317237 0.005503 0.084382 -0.277790 -4.379943 -0.002103 0.000000 0.105221 0.168765
0.282000 1 1 0.026785 0.999166 -5.228989 -39.804353 0.051876 0.317243 0.005430 0.084102 -0.282890 -4.452975 -0.002224 0.000000 0.105977 0.168204
0.283000 1 1 0.026417 0.993911 -5.281324 -40.128981 0.052193 0.317248 0.005357 0.083817 -0.288052 -4.526542 -0.002348 0.000000 0.106735 0.167633
0.284000 1 1 0.026047 0.988603 -5.333656 -40.455717 0.052511 0.317253 0.005283 0.083526 -0.293275 -4.600620 -0.002475 0.000000 0.107496 0.167052
0.285000 1 1 0.025674 0.983244 -5.385977 -40.784517 0.052828 0.317258 0.005209 0.083230 -0.298559 -4.675189 -0.002605 0.000000 0.108261 0.166460
0.286000 1 1 0.025299 0.977832 -5.438279 -41.115338 0.053145 0.317263 0.005135 0.082929 -0.303903 -4.750224 -0.002737 0.000000 0.109027 0.165858
0.287000 1 1 0.024921 0.972367 -5.490552 -41.448133 0.053462 0.317269 0.005060 0.082622 -0.309308 -4.825702 -0.002872 0.000000 0.109797 0.165244
0.288000 1 1 0.024542 0.966850 -5.542788 -41.782855 0.053780 0.317273 0.004984 0.082310 -0.314772 -4.901599 -0.003010 0.000000 0.110569 0.164620
0.289000 1 1 0.024161 0.961282 -5.594980 -42.119455 0.054097 0.317278 0.004908 0.081993 -0.320296 -4.977890 -0.003150 0.000000 0.111344 0.163985
0.290000 1 1 0.023777 0.955661 -5.647119 -42.457884 0.054414 0.317283 0.004832 0.081670 -0.325878 -5.054551 -0.003293 0.000000 0.112121 0.163339
0.291000 1 1 0.023392 0.949987 -5.699198 -42.798090 0.054732 0.317288 0.004755 0.081341 -0.331519 -5.131556 -0.003438 0.000000 0.112901 0.162682
0.292000 1 1 0.023006 0.944262 -5.751210 -43.140021 0.055049 0.317293 0.004678 0.081006 -0.337217 -5.208879 -0.003585 0.000000 0.113683 0.162013
0.293000 1 1 0.022618 0.938485 -5.803148 -43.483622 0.055366 0.317297 0.004601 0.080666 -0.342972 -5.286492 -0.003735 0.000000 0.114467 0.161333
0.294000 1 1 0.022228 0.932656 -5.855005 -43.828839 0.055683 0.317302 0.004524 0.080320 -0.348784 -5.364370 -0.003887 0.000000 0.115254 0.160641
0.295000 1 1 0.021838 0.926775 -5.906776 -44.175615 0.056001 0.317306 0.004446 0.079969 -0.354652 -5.442485 -0.004041 0.000000 0.116042 0.159938
0.296000 1 1 0.021446 0.920842 -5.958453 -44.523894 0.056318 0.317310 0.004368 0.079611 -0.360576 -5.520810 -0.004197 0.000000 0.116833 0.159222
0.297000 1 1 0.021053 0.914858 -6.010031 -44.873616 0.056635 0.317315 0.004289 0.079248 -0.366554 -5.599316 -0.004355 0.000000 0.117626 0.158495
0.298000 1 1 0.020660 0.908822 -6.061505 -45.224721 0.056953 0.317319 0.004211 0.078878 -0.372586 -5.677975 -0.004515 0.000000 0.118420 0.157756
0.299000 1 1 0.020266 0.902735 -6.112869 -45.577148 0.057270 0.317323 0.004132 0.078502 -0.378671 -5.756758 -0.004676 0.000000 0.119217 0.157005
0.300000 1 1 0.019872 0.896597 -6.164120 -45.930836 0.057587 0.317327 0.004053 0.078121 -0.384809 -5.835637 -0.004840 0.000000 0.120015 0.156241
0.301000 1 1 0.019477 0.890407 -6.215252 -46.285721 0.057905 0.317331 0.003974 0.077733 -0.390999 -5.914582 -0.005005 0.000000 0.120814 0.155466
0.302000 1 1 0.019082 0.884166 -6.266262 -46.641738 0.058222 0.317335 0.003895 0.077339 -0.397240 -5.993564 -0.005171 0.000000 0.121615 0.154677
0.303000 1 1 0.018687 0.877874 -6.317145 -46.998823 0.058539 0.317339 0.003816 0.076938 -0.403532 -6.072552 -0.005339 0.000000 0.122418 0.153877
0.304000 1 1 0.018292 0.871532 -6.367900 -47.356909 0.058857 0.317342 0.003737 0.076532 -0.409873 -6.151518 -0.005509 0.000000 0.123222 0.153063
0.305000 1 1 0.017898 0.865139 -6.418521 -47.715929 0.059174 0.317346 0.003658 0.076119 -0.416263 -6.230429 -0.005679 0.000000 0.124027 0.152237
0.306000 1 1 0.017504 0.858695 -6.469008 -48.075815 0.059491 0.317349 0.003580 0.075699 -0.422702 -6.309257 -0.005851 0.000000 0.124834 0.151398
0.307000 1 1 0.017110 0.852201 -6.519358 -48.436496 0.059809 0.317353 0.003501 0.075273 -0.429188 -6.387971 -0.006024 0.000000 0.125642 0.150546
0.308000 1 1 0.016717 0.845656 -6.569568 -48.797904 0.060126 0.317356 0.003422 0.074841 -0.435720 -6.466538 -0.006198 0.000000 0.126450 0.149681
0.309000 1 1 0.016325 0.839062 -6.619638 -49.159966 0.060443 0.317360 0.003343 0.074402 -0.442299 -6.544929 -0.006373 0.000000 0.127260 0.148803
0.310000 1 1 0.015934 0.832417 -6.669566 -49.522611 0.060761 0.317363 0.003265 0.073956 -0.448922 -6.623113 -0.006548 0.000000 0.128070 0.147912
0.311000 1 1 0.015545 0.825723 -6.719351 -49.885766 0.061078 0.317366 0.003187 0.073504 -0.455589 -6.701057 -0.006724 0.000000 0.128881 0.147008
0.312000 1 1 0.015156 0.818978 -6.768992 -50.249357 0.061396 0.317369 0.003109 0.073045 -0.462300 -6.778730 -0.006901 0.000000 0.129692 0.146090
0.313000 1 1 0.014769 0.812185 -6.818491 -50.613309 0.061713 0.317372 0.003031 0.072579 -0.469054 -6.856100 -0.007079 0.000000 0.130504 0.145158
0.314000 1 1 0.014384 0.805341 -6.867846 -50.977548 0.062030 0.317375 0.002954 0.072107 -0.475849 -6.933136 -0.007256 0.000000 0.131317 0.144213
0.315000 1 1 0.014001 0.798449 -6.917058 -51.341997 0.062348 0.317378 0.002877 0.071627 -0.482685 -7.009805 -0.007434 0.000000 0.132130 0.143255
0.316000 1 1 0.013620 0.791507 -6.966129 -51.706579 0.062665 0.317381 0.002800 0.071141 -0.489561 -7.086075 -0.007612 0.000000 0.132942 0.142283
0.317000 1 1 0.013240 0.784517 -7.015059 -52.071217 0.062982 0.317383 0.002724 0.070648 -0.496477 -7.161913 -0.007791 0.000000 0.133755 0.141297
0.318000 1 1 0.012864 0.777477 -7.063850 -52.435831 0.063300 0.317386 0.002648 0.070148 -0.503430 -7.237288 -0.007969 0.000000 0.134568 0.140297
0.319000 1 1 0.012489 0.770389 -7.112504 -52.800344 0.063617 0.317389 0.002573 0.069641 -0.510422 -7.312165 -0.008147 0.000000 0.135381 0.139283
0.320000 1 1 0.012117 0.763252 -7.161024 -53.164676 0.063935 0.317391 0.002498 0.069128 -0.517450 -7.386512 -0.008325 0.000000 0.136194 0.138255
0.321000 1 1 0.011749 0.756067 -7.209411 -53.528745 0.064252 0.317393 0.002423 0.068607 -0.524513 -7.460296 -0.008502 0.000000 0.137006 0.137213
0.322000 1 1 0.011383 0.748834 -7.257668 -53.892471 0.064569 0.317396 0.002350 0.068078 -0.531612 -7.533483 -0.008679 0.000000 0.137818 0.136157
0.323000 1 1 0.011020 0.741552 -7.305799 -54.255773 0.064887 0.317398 0.002277 0.067543 -0.538745 -7.606040 -0.008855 0.000000 0.138629 0.135087
0.324000 1 1 0.010660 0.734222 -7.353808 -54.618567 0.065204 0.317400 0.002204 0.067001 -0.545912 -7.677934 -0.009031 0.000000 0.139439 0.134002
0.325000 1 1 0.010304 0.726844 -7.401697 -54.980771 0.065522 0.317402 0.002132 0.066451 -0.553110 -7.749129 -0.009206 0.000000 0.140249 0.132903
0.326000 1 1 0.009952 0.719419 -7.449472 -55.342302 0.065839 0.317404 0.002061 0.065895 -0.560341 -7.819592 -0.009380 0.000000 0.141058 0.131789
0.327000 1 1 0.009604 0.711945 -7.497136 -55.703074 0.066156 0.317406 0.001990 0.065331 -0.567602 -7.889288 -0.009553 0.000000 0.141866 0.130662
0.328000 1 1 0.009259 0.704424 -7.544694 -56.063005 0.066474 0.317408 0.001921 0.064760 -0.574894 -7.958182 -0.009725 0.000000 0.142672 0.129519
0.329000 1 1 0.008919 0.696856 -7.592151 -56.422007 0.066791 0.317410 0.001852 0.064181 -0.582215 -8.026240 -0.009895 0.000000 0.143478 0.128362
0.330000 1 1 0.008583 0.689240 -7.639513 -56.779996 0.067109 0.317412 0.001784 0.063595 -0.589564 -8.093426 -0.010064 0.000000 0.144282 0.127190
0.331000 1 1 0.008251 0.681577 -7.686784 -57.136885 0.067426 0.317413 0.001717 0.063002 -0.596940 -8.159705 -0.010232 0.000000 0.145084 0.126004
0.332000 1 1 0.007925 0.673867 -7.733971 -57.492588 0.067743 0.317415 0.001650 0.062401 -0.604344 -8.225040 -0.010398 0.000000 0.145885 0.124802
0.333000 1 1 0.007603 0.666109 -7.781079 -57.847015 0.068061 0.317417 0.001585 0.061793 -0.611773 -8.289395 -0.010562 0.000000 0.146684 0.123586
0.334000 1 1 0.007286 0.658304 -7.828115 -58.200081 0.068378 0.317418 0.001521 0.061178 -0.619228 -8.352734 -0.010725 0.000000 0.147481 0.122355
0.335000 1 1 0.006975 0.650453 -7.875086 -58.551696 0.068696 0.317420 0.001457 0.060555 -0.626707 -8.415019 -0.010885 0.000000 0.148277 0.121109
0.336000 1 1 0.006669 0.642554 -7.921997 -58.901770 0.069013 0.317421 0.001395 0.059924 -0.634210 -8.476213 -0.011044 0.000000 0.149070 0.119848
0.337000 1 1 0.006369 0.634609 -7.968857 -59.250216 0.069331 0.317422 0.001334 0.059286 -0.641735 -8.536278 -0.011200 0.000000 0.149861 0.118573
0.338000 1 1 0.006074 0.626617 -8.015673 -59.596941 0.069648 0.317424 0.001274 0.058641 -0.649282 -8.595176 -0.011354 0.000000 0.150650 0.117282
0.339000 1 1 0.005786 0.618578 -8.062451 -59.941857 0.069965 0.317425 0.001215 0.057988 -0.656851 -8.652868 -0.011505 0.000000 0.151436 0.115975
0.340000 1 1 0.005503 0.610492 -8.109201 -60.284871 0.070283 0.317426 0.001157 0.057327 -0.664441 -8.709316 -0.011654 0.000000 0.152219 0.114654
0.341000 1 1 0.005228 0.602359 -8.155929 -60.625892 0.070600 0.317427 0.001101 0.056659 -0.672050 -8.764478 -0.011800 0.000000 0.153000 0.113318
0.342000 1 1 0.004958 0.594180 -8.202644 -60.964828 0.070918 0.317428 0.001046 0.055983 -0.679678 -8.818315 -0.011943 0.000000 0.153778 0.111966
0.343000 1 1 0.004696 0.585954 -8.249355 -61.301585 0.071235 0.317429 0.000992 0.055299 -0.687324 -8.870786 -0.012083 0.000000 0.154554 0.110599
0.344000 1 1 0.004441 0.577681 -8.296070 -61.636072 0.071553 0.317430 0.000939 0.054608 -0.694988 -8.921849 -0.012221 0.000000 0.155326 0.109217
0.345000 1 1 0.004193 0.569362 -8.342799 -61.968194 0.071870 0.317431 0.000888 0.053909 -0.702668 -8.971463 -0.012355 0.000000 0.156094 0.107819
0.346000 1 1 0.003952 0.560996 -8.389549 -62.297856 0.072187 0.317432 0.000839 0.053203 -0.710365 -9.019585 -0.012485 0.000000 0.156860 0.106406
0.347000 1 1 0.003719 0.552583 -8.436332 -62.624964 0.072505 0.317432 0.000790 0.052489 -0.718077 -9.066172 -0.012612 0.000000 0.157622 0.104977
0.348000 1 1 0.003494 0.544123 -8.483156 -62.949422 0.072822 0.317433 0.000744 0.051767 -0.725803 -9.111179 -0.012736 0.000000 0.158380 0.103534
0.349000 1 1 0.003277 0.535616 -8.530031 -63.271135 0.073140 0.317434 0.000699 0.051037 -0.733544 -9.154561 -0.012856 0.000000 0.159135 0.102074
0.350000 1 1 0.003069 0.527063 -8.576967 -63.590005 0.073457 0.317434 0.000655 0.050300 -0.741297 -9.196274 -0.012972 0.000000 0.159886 0.100599
0.351000 1 1 0.002869 0.518462 -8.623975 -63.905935 0.073775 0.317435 0.000614 0.049555 -0.749063 -9.236271 -0.013084 0.000000 0.160633 0.099109
0.352000 1 1 0.002677 0.509815 -8.671065 -64.218828 0.074092 0.317436 0.000574 0.048802 -0.756841 -9.274504 -0.013192 0.000000 0.161375 0.097603
0.353000 1 1 0.002495 0.501120 -8.718247 -64.528584 0.074409 0.317436 0.000535 0.048041 -0.764630 -9.310926 -0.013295 0.000000 0.162114 0.096082
0.354000 1 1 0.002323 0.492378 -8.765534 -64.835106 0.074727 0.317437 0.000499 0.047272 -0.772429 -9.345489 -0.013394 0.000000 0.162848 0.094545
0.355000 1 1 0.002159 0.483589 -8.812935 -65.138292 0.075044 0.317437 0.000465 0.046496 -0.780237 -9.378141 -0.013489 0.000000 0.163577 0.092992
0.356000 1 1 0.002006 0.474752 -8.860463 -65.438043 0.075362 0.317438 0.000432 0.045712 -0.788055 -9.408833 -0.013579 0.000000 0.164302 0.091424
0.357000 1 1 0.001862 0.465868 -8.908129 -65.734257 0.075679 0.317438 0.000401 0.044920 -0.795881 -9.437513 -0.013664 0.000000 0.165022 0.089840
0.358000 1 1 0.001729 0.456936 -8.955945 -66.026832 0.075997 0.317438 0.000372 0.044120 -0.803714 -9.464128 -0.013744 0.000000 0.165737 0.088240
0.359000 1 1 0.001607 0.447956 -9.003924 -66.315666 0.076314 0.317439 0.000346 0.043312 -0.811554 -9.488624 -0.013819 0.000000 0.166447 0.086625
0.360000 1 1 0.001495 0.438928 -9.052077 -66.600656 0.076631 0.317439 0.000321 0.042497 -0.819401 -9.510946 -0.013889 0.000000 0.167152 0.084994
0.361000 1 1 0.001395 0.429852 -9.100417 -66.881696 0.076949 0.317439 0.000299 0.041674 -0.827253 -9.531039 -0.013954 0.000000 0.167852 0.083347
0.362000 1 1 0.001306 0.420727 -9.148958 -67.158683 0.077266 0.317440 0.000279 0.040842 -0.835110 -9.548844 -0.014013 0.000000 0.168546 0.081685
0.363000 1 1 0.001228 0.411554 -9.197712 -67.431510 0.077584 0.317440 0.000261 0.040003 -0.842971 -9.564304 -0.014066 0.000000 0.169234 0.080007
0.364000 1 1 0.001163 0.402332 -9.246694 -67.700071 0.077901 0.317440 0.000246 0.039156 -0.850835 -9.577359 -0.014114 0.000000 0.169916 0.078313
0.365000 1 1 0.001110 0.393060 -9.295917 -67.964257 0.078219 0.317440 0.000233 0.038302 -0.858702 -9.587946 -0.014155 0.000000 0.170593 0.076603
0.366000 1 1 0.001070 0.383740 -9.345394 -68.223961 0.078536 0.317441 0.000222 0.037439 -0.866571 -9.596005 -0.014191 0.000000 0.171263 0.074878
0.367000 1 1 0.001043 0.374370 -9.395141 -68.479073 0.078854 0.317441 0.000214 0.036569 -0.874442 -9.601471 -0.014220 0.000000 0.171927 0.073137
0.368000 1 1 0.001029 0.364949 -9.445172 -68.729483 0.079171 0.317441 0.000209 0.035690 -0.882313 -9.604278 -0.014243 0.000000 0.172585 0.071380
0.369000 1 1 0.001028 0.355479 -9.495503 -68.975079 0.079488 0.317441 0.000206 0.034804 -0.890184 -9.604359 -0.014260 0.000000 0.173236 0.069608
0.370000 1 1 0.001042 0.345958 -9.546148 -69.215748 0.079806 0.317441 0.000206 0.033910 -0.898055 -9.601646 -0.014269 0.000000 0.173881 0.067820
0.371000 0 1 0.001070 0.336387 -9.597123 -69.451378 0.080123 0.317442 0.000208 0.033008 -0.905924 -9.596068 -0.014272 0.000000 0.174519 0.066016
0.372000 0 1 0.001056 0.326755 -9.666690 -69.682068 0.080437 0.310273 -6.613469 0.032097 -0.915522 -9.598824 -0.014272 0.000000 0.175146 0.064194
0.373000 0 1 0.001061 0.317053 -9.736486 -69.907892 0.080744 0.303553 -6.827915 0.031177 -0.925120 -9.597891 -0.014272 0.000000 0.175760 0.062354
0.374000 0 1 0.001084 0.307282 -9.806504 -70.128693 0.081044 0.296616 -7.045122 0.030247 -0.934716 -9.593150 -0.014272 0.000000 0.176360 0.060494
0.375000 0 1 0.001128 0.297440 -9.876741 -70.344309 0.081337 0.289461 -7.265051 0.029307 -0.944305 -9.584483 -0.014272 0.000000 0.176946 0.058615
0.376000 0 1 0.001191 0.287528 -9.947191 -70.554581 0.081623 0.282085 -7.487657 0.028358 -0.953884 -9.571772 -0.014272 0.000000 0.177518 0.056717
0.377000 0 1 0.001276 0.277546 -10.017849 -70.759343 0.081901 0.274485 -7.712891 0.027400 -0.963447 -9.554895 -0.014272 0.000000 0.178074 0.054799
0.378000 0 1 0.001381 0.267492 -10.088708 -70.958430 0.082172 0.266659 -7.940702 0.026431 -0.972992 -9.533732 -0.014272 0.000000 0.178615 0.052863
0.379000 0 1 0.001509 0.257368 -10.159764 -71.151675 0.082434 0.258603 -8.171034 0.025454 -0.982513 -9.508161 -0.014272 0.000000 0.179141 0.050907
0.380000 0 1 0.001660 0.247173 -10.231009 -71.338908 0.082689 0.250316 -8.403827 0.024466 -0.992007 -9.478060 -0.014272 0.000000 0.179650 0.048933
0.381000 0 1 0.001833 0.236906 -10.302439 -71.519957 0.082935 0.241794 -8.639015 0.023470 -1.001468 -9.443305 -0.014272 0.000000 0.180142 0.046939
0.382000 0 1 0.002031 0.226568 -10.374047 -71.694650 0.083172 0.233037 -8.876531 0.022463 -1.010892 -9.403772 -0.014272 0.000000 0.180617 0.044927
0.383000 0 1 0.002253 0.216158 -10.445826 -71.862812 0.083401 0.224041 -9.116299 0.021448 -1.020274 -9.359337 -0.014272 0.000000 0.181074 0.042896
0.384000 0 1 0.002501 0.205676 -10.517771 -72.024267 0.083620 0.214804 -9.358244 0.020423 -1.029609 -9.309877 -0.014272 0.000000 0.181513 0.040846
0.385000 0 1 0.002774 0.195122 -10.589873 -72.178836 0.083830 0.205323 -9.602281 0.019389 -1.038892 -9.255266 -0.014272 0.000000 0.181933 0.038777
0.386000 0 1 0.003073 0.184496 -10.662126 -72.326340 0.084031 0.195598 -9.848324 0.018345 -1.048118 -9.195382 -0.014272 0.000000 0.182334 0.036690
0.387000 0 1 0.003400 0.173798 -10.734523 -72.466599 0.084221 0.185626 -10.096280 0.017292 -1.057281 -9.130098 -0.014272 0.000000 0.182715 0.034585
0.388000 0 1 0.003754 0.163027 -10.807057 -72.599428 0.084402 0.175405 -10.346052 0.016231 -1.066376 -9.059293 -0.014272 0.000000 0.183076 0.032461
0.389000 0 1 0.004136 0.152184 -10.879719 -72.724646 0.084572 0.164934 -10.597538 0.015160 -1.075398 -8.982843 -0.014272 0.000000 0.183416 0.030319
0.390000 0 1 0.004547 0.141268 -10.952503 -72.842066 0.084732 0.154210 -10.850630 0.014080 -1.084340 -8.900624 -0.014272 0.000000 0.183736 0.028160
0.391000 0 1 0.004987 0.130279 -11.025401 -72.951503 0.084881 0.143232 -11.105215 0.012991 -1.093197 -8.812517 -0.014272 0.000000 0.184033 0.025982
0.392000 0 1 0.005458 0.119217 -11.098404 -73.052769 0.085018 0.131999 -11.361176 0.011893 -1.101963 -8.718399 -0.014272 0.000000 0.184308 0.023787
0.393000 0 1 0.005959 0.108082 -11.171504 -73.145676 0.085144 0.120509 -11.618389 0.010787 -1.110632 -8.618153 -0.014272 0.000000 0.184561 0.021574
0.394000 0 1 0.006492 0.096874 -11.244692 -73.230035 0.085259 0.108762 -11.876726 0.009672 -1.119197 -8.511659 -0.014272 0.000000 0.184790 0.019345
0.395000 0 1 0.007056 0.085593 -11.317961 -73.305655 0.085362 0.096755 -12.136053 0.008549 -1.127653 -8.398801 -0.014272 0.000000 0.184996 0.017098
0.396000 0 1 0.007653 0.074238 -11.391300 -73.372347 0.085453 0.084489 -12.396229 0.007417 -1.135992 -8.279466 -0.014272 0.000000 0.185177 0.014834
0.397000 0 1 0.008282 0.062810 -11.464702 -73.429917 0.085531 0.071963 -12.657111 0.006277 -1.144210 -8.153541 -0.014272 0.000000 0.185334 0.012554
0.398000 0 1 0.008945 0.051309 -11.538157 -73.478175 0.085596 0.059175 -12.918546 0.005129 -1.152297 -8.020915 -0.014272 0.000000 0.185465 0.010257
0.399000 0 1 0.009643 0.039734 -11.611656 -73.516929 0.085649 0.046125 -13.180379 0.003972 -1.160249 -7.881481 -0.014272 0.000000 0.185570 0.007945
0.400000 0 1 0.010374 0.028085 -11.685188 -73.545984 0.085689 0.032814 -13.442447 0.002808 -1.168058 -7.735135 -0.014272 0.000000 0.185649 0.005616
0.401000 0 1 0.011141 0.016363 -11.758744 -73.565150 0.085715 0.019240 -13.704584 0.001636 -1.175717 -7.581773 -0.014272 0.000000 0.185701 0.003273
0.402000 0 1 0.011944 0.004568 -11.832315 -73.574232 0.085727 0.005405 -13.966614 0.000457 -1.183219 -7.421297 -0.014272 0.000000 0.185726 0.000914
0.403000 0 1 0.012782 -0.007301 -11.905889 -73.573039 0.085725 -0.008693 -14.228359 -0.000730 -1.190557 -7.253613 -0.014272 0.000000 0.185723 -0.001460
